# Here is some analysis
x <- 100000000
y <- 1000