# Here is some analysis
x <- 100000000
